
1.1
2.3
3.2 --
4.1
5.2
6.2
7.1
8.4
9.2
10.4 -- 
11.1
12.2
13.3
14.2
15.3 --
16.3
17.4
18.1 --
19.4 --
20.2
21.4
22.3
23.2
24.4 --
25.3 --
26.4
27.3
28.4
29.4
30.3 --
31.1
32.2
33.1
34.1
35.2
36.4
37.3
38.1 --
39.3 -- 
40.3
41.2
42.4
43.3
44.2
45.1
46.4
47.2
48.2
49.1
50.1
51.6
52.2
53.1
54.3
55.3
56.4
57.3
58.4
59.1 --
60.2 --
61.3 --
62.4
0 1 1 2 3 5 8 13 21 34
63.3
64.3
65.1
66.3
25/20 1.02315
60/20 3 
60/45 1.25
22/2  11

67.4
68.4
69.1
5 5 5  
70.1
10000000.~
11000000.~
11100000.~
71.1
72.2
73.3
74.4
75.1
76.3
77.3
78.3 --
79.4 --
80.2
81.1
82.1 --
83.2
84.1
85.4
86.1
87.1
88.4
89.2
90.4
91.4
92.4
93.4
94.2
95.4
96.1 --
97.1
98.2
99.4
100.2 // 4






