1.1
2.3
3.1
4.3
5.2
6.3
7.3
8.3
9.3
10.4
11.3
12.2
13.2
14.1
15.3
16.2 --
17.4
18.4
19.1 --
20.4
21.4
22.2
23.3
24.2
25.4
26.1
27.3
28.3 --
29.3
30.1
31.2
32.2
33.4
34.2 --
35.2
36.1
37.4 --
DCBA
BCDA
CBAD

38.2
39.1
40.4
41.4
42.4 --
43.2
44.3
45.2
46.2
47.3 --
48.4
49.3
50.2
51.4
52.4
53.4
54.3
55.2
56.4
57.3
58.2
59.2
60.4
61.4
62.2
63.2
64.1 --
65.1
Information Technology
IfrainTcnlg
IfrainTcnlg
gnTir

66.3 --
67.2
68.4 --
69.3
70.3
71.3
72.1 ----

012
9

73.2
74.2
75.1
76.4
77.2
78.2 --
79.1
80.1











